太刀魚/F-B は/O 長/O さ/O&Sf-B&Ac-B 10/UNK/UNK cm/UNK/UNK に/O 切/Ac-B っ/O て/O から/O 、/O 水分/F-B を/O 拭き取/Ac-B っ/O て/O お/O く/O 。/O
100 100 100 100 100 100 100 100 100 100 100 100 100 100 100 100 100 100 100 100 100 100 100 100 100 100 100
1 1 1 0.517234&0.310349&0.172417 0 0 1 1 1 1 1 1 1 1 1 1 1 1 1 1

太刀魚/F-B に/O 塩/F-B 少々/Q-B を/O 振/Ac-B っ/O て/O から/O 、/O グリル/T-B （/O フライパン/T-B で/O も/O 可/O ）/O で/O 焼/Ac-B く/O 。/O
100 100 100 100 100 100 100 100 100 100 100 100 100 100 100 100 100 100 100 100 100 100 100 100 100 100 100 100 100 100
1 1 1 1 1 1 1 1 1 1 1 1 1 1 1 1 1 1 1 1 1

セロリ/F-B は/O みじん/Sf-B 切り/St-B&Sf-B に/O し/O&Ac-B て/O から/O ボウル/T-B に/O 入れ/Ac-B 、/O そこ/F-B に/O 実/F-B 山椒/F-B を/O 加え/Ac-B て/O 併せ/O た/O 後/O 、/O 酢/F-B と/O&Ac-B still/UNK/UNK たれ/F-B を/O 加え/Ac-B て/O 混ぜ合わせ/Ac-B 、/O 山椒/F-B ソース/F-B を/O 作/Ac-B る/O 。/O
100 100 100 100 100 100 100 100 100 100 100 100 100 100 100 100 100 100 100 100 100 100 100 100 100 100 100 100 100 100 100 100 100 100 100 100 100 100 100 100 100 100 100 100 100 100 100 100 100 100 100 100 100 100 100 100 100 100 100 100 100 100 100
1 1 1 0.5&0.5 1 0.609756&0.390244 1 1 1 1 1 1 1 1 1 1 1 1 1 1 1 1 1 1 0.98&0.02 0 1 1 1 1 1 1 1 1 1 1 1 1

太刀魚/F-B を/O 器/UNK/UNK に/O 盛り付け/Ac-B て/O 、/O 上/UNK/UNK から/O 山椒/F-B ソース/F-B を/O かけ/Ac-B 、/O お/O 好み/UNK/UNK で/O 木の芽/UNK/UNK を/O 添え/Ac-B て/O 完成/Af-B 。/O
100 100 100 100 100 100 100 100 100 100 100 100 100 100 100 100 100 100 100 100 100 100 100 100 100 100 100 100 100 100 100 100 100 100 100 100 100
1 1 0 1 1 1 1 0 1 1 1 1 1 1 1 0 1 0 1 1 1 1 1

